44418
39917
32288
40491
39125
18347
23049
20676
30444
34586
27926
43726
34742
36803
49627
33096
24939
19077
27252
27605
48521
48548
45816
44370
36925
31952
47436
25455
23279
45786
44215
47432
23311
47682
49795
49003
43018
29218
22090
21357
41775
17026
25064
37955
38369
34960
43780
25255
32063
35954
27328
40146
22371
46097
31902
41544
28551
42016
49273
20418
31022
46753
49391
36867
40972
28214
19845
20083
46313
18273
36325
37233
21049
31662
49061
30314
46294
44838
45886
43517
27266
30921
43573
35231
23749
22948
29446
43888
41270
38512
37339
24019
42311
22395
31602
44636
44275
37146
24333
32615
